3562
3492
3492
3372
3372
3372
3372
3372
3280
3256
3256
3256
3256
3256
3256
3256
3256
3256
3256
3256
3256
3256
3256
3256
3256
3256
3256
3256
3242
3242
3242
3242
3242
3242
3242
3242
3242
3242
3242
3242
3242
3242
3242
3242
3242
3242
3242
3242
3242
3242
3242
3242
3242
3242
3242
3242
3242
3242
3242
3242
3242
3206
3206
3206
3206
3206
3206
3206
3206
3206
3206
3206
3206
3206
3206
3206
3206
3206
3206
3206
3206
3206
3206
3206
3206
3206
3206
3206
3206
3206
3206
3206
3206
3206
3206
3206
3206
3206
3206
3206
3206
3206
3206
3206
3206
3206
3206
3189
3189
3189
3189
3189
3189
3189
3189
3189
3189
3189
3189
3189
3189
3189
3189
3189
3121
3121
3121
3121
3121
3121
3121
3121
3121
3121
3121
3121
3121
3121
3121
3121
3121
3121
3121
3121
3121
3121
3121
3121
3121
3121
3121
3121
3121
3121
3121
3121
3121
3121
3121
3121
3121
3121
3121
3121
3121
3121
3121
3121
3121
3121
3121
3121
3121
3121
3121
3121
3121
3121
3121
3121
3121
3121
3121
3121
3121
3121
3121
3121
3121
3121
3121
3121
3121
3121
3121
3121
3121
3121
3121
3121
3121
3121
3121
3121
3121
3121
3121
3121
3121
3121
3121
3121
3121
3121
3121
3121
3121
3121
3121
3121
3121
3121
3121
3121
3341
3341
3341
3341
3341
3341
3341
3339
3339
3339
3339
3339
3339
3339
3339
3339
3339
3339
3339
3339
3339
3339
3319
3319
3319
3319
3319
3319
3319
3319
3319
3319
3319
3319
3319
3319
3319
3302
3302
3302
3238
3238
3238
3238
3238
3238
3238
3238
3238
3238
3238
3238
3238
3238
3238
3238
3238
3238
3238
3238
3238
3238
3238
3238
3238
3238
3231
3231
3231
3231
3231
3231
3231
3231
3231
3231
3231
3231
3231
3231
3231
3231
3181
3181
3155
3155
3155
3155
3155
3155
3155
3155
3155
3155
3155
3155
3155
3155
3155
3155
3155
3155
3155
3155
3155
3144
3144
3144
3144
3144
3144
3144
3144
3144
3144
3144
3144
3144
3144
3144
3144
3144
3144
3144
3144
3144
3144
3144
3144
3144
3144
3144
3144
3144
3144
3144
3144
3144
3144
3144
3144
3144
3144
3144
3144
3144
3144
3144
3144
3144
3144
3144
3144
3144
3144
3144
3144
3144
3144
3144
3144
3144
3144
3144
3144
3144
3144
3144
3144
3144
3144
3144
3144
3134
3134
3134
3134
3134
3134
3134
3134
3134
3134
3134
3134
3134
3134
3134
3134
3134
3134
3134
3134
3134
3134
3134
3134
3134
3134
3134
3134
3134
3134
3134
3134
3134
3134
3134
3134
3134
3134
3134
3134
3134
3134
3134
3134
3134
3134
3134
3134
3134
3134
3134
3134
3134
3134
3134
3134
3134
3134
3134
3134
3134
3134
3134
3134
3134
3134
3134
3134
3134
3134
3134
3134
3134
3134
3134
3134
3134
3134
3134
3134
3134
3134
3134
3134
3134
3134
3134
3134
3134
3134
3134
3134
3134
3134
3134
3134
3134
3134
3134
3134
3675
3494
3472
3472
3472
3472
3321
3256
3256
3256
3203
3203
3203
3203
3203
3203
3203
3203
3203
3203
3203
3203
3203
3203
3203
3203
3203
3203
3203
3203
3203
3203
3203
3203
3158
3158
3158
3158
3158
3158
3158
3158
3158
3158
3158
3158
3158
3158
3158
3158
3158
3158
3158
3158
3158
3158
3158
3158
3158
3158
3158
3158
3158
3158
3158
3158
3158
3158
3158
3158
3158
3158
3158
3158
3158
3158
3158
3158
3158
3158
3158
3158
3158
3158
3158
3158
3158
3158
3158
3158
3158
3158
3158
3158
3158
3158
3158
3158
3158
3158
3158
3158
3158
3158
3158
3158
3158
3139
3139
3139
3139
3139
3139
3139
3139
3139
3139
3139
3139
3139
3139
3139
3139
3139
3139
3139
3139
3139
3139
3139
3139
3139
3139
3139
3139
3139
3139
3139
3139
3139
3139
3139
3120
3120
3120
3120
3120
3120
3120
3120
3120
3120
3120
3120
3120
3120
3120
3120
3120
3120
3120
3120
3120
3120
3120
3120
3120
3120
3120
3120
3120
3120
3120
3120
3120
3120
3120
3120
3120
3120
3120
3120
3120
3120
3120
3120
3120
3120
3120
3120
3120
3108
3108
3108
3108
3108
3108
3108
3108
3108
3108
3108
3108
3108
3108
3087
3087
3087
3087
3087
3087
3087
3087
3087
3087
3087
3087
3087
3087
3087
3087
3087
3087
3087
3087
3087
3087
3087
3087
3087
3087
3087
3087
3087
3087
3087
3087
3087
3087
3087
3087
3087
3087
3087
3087
3087
3087
3087
3087
3087
3087
3087
3087
3087
3087
3087
3087
3087
3087
3087
3087
3087
3087
3087
3087
3087
3087
3087
3087
3087
3087
3087
3087
3087
3087
3087
3087
3087
3087
3087
3087
3087
3087
3087
3087
3087
3087
3087
3087
3087
3087
3087
3087
3087
3087
3087
3087
3087
3087
3087
3087
3087
3087
3087
3087
3501
3485
3477
3477
3477
3477
3477
3470
3438
3314
3231
3231
3231
3231
3231
3231
3230
3230
3230
3230
3230
3230
3230
3230
3230
3230
3230
3230
3230
3229
3229
3229
3229
3229
3229
3082
3082
3082
3082
3082
3082
3082
3082
3082
3082
3082
3082
3082
3082
3082
3082
3082
3082
3082
3082
3082
3082
3082
3082
3082
3082
3082
3082
3082
3082
3082
3082
3082
3082
3082
3082
3082
3082
3082
3082
3082
3082
3082
3082
3082
3082
3082
3082
3082
3082
3082
3082
3082
3082
3082
3082
3082
3082
3082
3082
3082
3082
3082
3082
3082
3082
3082
3082
3082
3082
3082
3082
3082
3082
3082
3082
3082
3082
3082
3082
3082
3082
3082
3082
3082
3082
3082
3082
3082
3082
3082
3082
3082
3082
3082
3082
3082
3082
3082
3082
3743
3358
3358
3358
3358
3358
3358
3358
3358
3358
3358
3358
3358
3358
3358
3358
3346
3346
3306
3306
3306
3306
3306
3306
3275
3275
3275
3275
3275
3275
3275
3275
3162
3162
3152
3152
3152
3152
3152
3152
3152
3152
3152
3152
3131
3131
3131
3131
3131
3131
3131
3131
3131
3131
3131
3131
3131
3131
3131
3131
3131
3131
3131
3131
3131
3131
3131
3131
3131
3131
3131
3131
3131
3131
3131
3131
3131
3131
3131
3131
3131
3131
3131
3131
3131
3131
3131
3131
3131
3131
3131
3131
3131
3131
3131
3131
3131
3131
3131
3131
3131
3131
3131
3131
3131
3131
3131
3131
3131
3131
3131
3131
3131
3131
3131
3131
3131
3131
3131
3131
3131
3131
3131
3131
3131
3131
3131
3131
3131
3131
3131
3131
3131
3131
3131
3131
3131
3131
3131
3131
3131
3131
3131
3131
3716
3716
3306
3306
3306
3306
3306
3306
3306
3306
3266
3266
3266
3266
3266
3266
3266
3266
3266
3266
3266
3266
3266
3266
3209
3209
3209
3209
3209
3209
3209
3209
3209
3209
3209
3209
3209
3209
3209
3209
3209
3209
3209
3209
3209
3209
3209
3209
3209
3209
3209
3209
3209
3209
3209
3209
3209
3209
3209
3209
3209
3209
3209
3209
3209
3209
3209
3209
3209
3209
3209
3209
3209
3209
3209
3209
3209
3209
3209
3209
3209
3209
3209
3209
3209
3209
3209
3209
3209
3209
3209
3209
3209
3206
3206
3206
3206
3206
3206
3206
3206
3206
3206
3206
3206
3206
3206
3206
3206
3206
3206
3206
3206
3206
3206
3206
3206
3206
3206
3206
3206
3206
3133
3133
3133
3133
3133
3133
3133
3133
3133
3133
3133
3133
3133
3133
3133
3133
3133
3133
3133
3133
3133
3100
3100
3100
3100
3100
3100
3100
3100
3100
3100
3100
3100
3100
3100
3100
3100
3100
3100
3076
3076
3076
3076
3076
3076
3076
3076
3076
3076
3076
3076
3076
3076
3076
3076
3076
3076
3076
3076
3076
3076
3076
3076
3076
3076
3076
3076
3076
3076
3076
3076
3076
3076
3076
3076
3076
3076
3076
3076
3076
3076
3076
3076
3076
3076
3076
3076
3076
3076
3076
3076
3076
3076
3076
3076
3076
3076
3076
3076
3076
3076
3076
3076
3076
3076
3076
3076
3076
3076
3076
3076
3076
3076
3076
3076
3076
3076
3076
3076
3076
3076
3076
3076
3076
3076
3076
3076
3076
3076
3076
3076
3076
3076
3076
3076
3076
3076
3076
3076
3572
3572
3457
3457
3457
3457
3452
3391
3391
3391
3391
3391
3272
3272
3272
3272
3272
3272
3272
3272
3272
3272
3191
3191
3191
3153
3153
3153
3153
3153
3153
3153
3153
3153
3153
3153
3153
3153
3153
3153
3153
3153
3153
3153
3153
3153
3153
3153
3153
3153
3153
3153
3153
3153
3153
3153
3153
3153
3153
3153
3153
3153
3153
3153
3153
3153
3153
3153
3153
3146
3146
3146
3146
3146
3146
3146
3146
3146
3146
3146
3146
3146
3146
3146
3146
3146
3146
3146
3146
3146
3146
3146
3146
3146
3146
3146
3146
3146
3146
3146
3146
3146
3146
3146
3146
3146
3146
3146
3146
3131
3131
3131
3131
3131
3131
3131
3131
3131
3131
3131
3131
3131
3131
3131
3131
3131
3131
3131
3131
3131
3131
3131
3131
3131
3131
3131
3131
3131
3131
3131
3131
3131
3131
3131
3131
3131
3131
3131
3131
3131
3131
3131
3131
3131
3131
3131
3131
3131
3131
3131
3131
3131
3131
3118
3118
3118
3118
3118
3118
3118
3118
3118
3118
3118
3118
3118
3118
3118
3118
3118
3118
3118
3118
3118
3118
3118
3118
3118
3118
3118
3118
3118
3118
3118
3118
3118
3118
3118
3118
3118
3118
3118
3118
3118
3118
3118
3118
3118
3118
3118
3118
3118
3118
3118
3118
3118
3118
3118
3118
3118
3118
3118
3118
3118
3118
3118
3118
3118
3118
3118
3118
3118
3118
3118
3118
3118
3118
3118
3118
3118
3118
3118
3118
3118
3118
3118
3118
3118
3118
3118
3118
3118
3118
3118
3118
3118
3118
3118
3118
3118
3118
3118
3118
3448
3448
3448
3448
3448
3448
3448
3448
3334
3334
3334
3334
3334
3331
3331
3331
3331
3331
3331
3331
3331
3331
3331
3331
3331
3331
3331
3331
3331
3331
3331
3331
3331
3331
3331
3331
3331
3331
3296
3296
3296
3296
3296
3296
3215
3215
3215
3215
3215
3215
3215
3215
3215
3215
3215
3215
3215
3215
3215
3215
3215
3215
3215
3215
3215
3215
3215
3215
3215
3215
3215
3215
3215
3215
3215
3215
3215
3215
3215
3215
3215
3215
3215
3215
3215
3215
3215
3215
3215
3215
3215
3215
3215
3215
3215
3215
3215
3215
3215
3215
3215
3215
3215
3215
3215
3215
3215
3215
3215
3215
3215
3215
3215
3215
3215
3215
3215
3215
3215
3215
3215
3215
3215
3215
3215
3215
3215
3215
3215
3215
3215
3215
3215
3215
3215
3215
3215
3215
3215
3215
3215
3215
3215
3215
3402
3382
3382
3382
3382
3382
3232
3232
3232
3232
3232
3232
3232
3232
3232
3232
3232
3232
3232
3232
3232
3232
3232
3232
3232
3232
3232
3232
3232
3226
3226
3226
3226
3179
3179
3179
3179
3179
3179
3179
3179
3179
3179
3179
3179
3179
3179
3179
3179
3179
3179
3179
3179
3179
3179
3179
3179
3179
3179
3179
3179
3179
3179
3179
3179
3179
3179
3179
3179
3179
3179
3179
3179
3179
3179
3179
3179
3179
3179
3179
3179
3179
3179
3179
3179
3179
3179
3179
3179
3179
3179
3179
3179
3179
3179
3179
3179
3179
3179
3179
3179
3179
3179
3179
3179
3179
3179
3179
3179
3179
3179
3179
3179
3179
3179
3179
3179
3164
3164
3115
3115
3115
3115
3115
3115
3115
3115
3115
3115
3115
3115
3115
3115
3115
3115
3115
3115
3115
3115
3115
3115
3115
3115
3115
3115
3115
3115
3115
3115
3115
3115
3115
3115
3107
3107
3107
3107
3107
3107
3107
3107
3107
3107
3107
3107
3107
3107
3107
3107
3107
3107
3107
3107
3107
3107
3107
3107
3107
3107
3107
3107
3107
3107
3107
3107
3107
3107
3107
3107
3107
3107
3107
3107
3107
3107
3107
3107
3107
3107
3107
3107
3107
3107
3107
3107
3107
3107
3107
3107
3107
3107
3107
3107
3107
3107
3107
3107
3107
3107
3107
3107
3107
3107
3107
3107
3107
3107
3107
3107
3107
3107
3107
3107
3107
3107
3107
3107
3107
3107
3107
3107
3107
3107
3107
3107
3107
3107
3107
3107
3107
3107
3107
3107
3676
3460
3389
3389
3389
3321
3321
3246
3246
3246
3246
3246
3246
3246
3246
3246
3246
3246
3246
3246
3246
3246
3246
3246
3246
3246
3246
3246
3246
3246
3246
3246
3194
3194
3194
3194
3194
3194
3194
3194
3194
3194
3194
3194
3194
3194
3194
3194
3194
3194
3194
3194
3194
3194
3194
3194
3194
3194
3194
3194
3194
3194
3194
3194
3194
3194
3194
3194
3194
3194
3194
3194
3186
3186
3186
3186
3186
3186
3186
3186
3186
3186
3186
3186
3186
3186
3166
3166
3166
3166
3166
3166
3166
3166
3166
3166
3166
3166
3166
3166
3166
3166
3166
3166
3166
3166
3166
3166
3166
3166
3166
3166
3166
3166
3166
3166
3166
3166
3166
3166
3166
3166
3166
3166
3166
3166
3166
3166
3166
3166
3166
3166
3166
3166
3166
3166
3166
3166
3166
3142
3142
3142
3142
3142
3142
3142
3142
3142
3142
3127
3127
3127
3127
3127
3127
3127
3127
3127
3127
3127
3127
3127
3127
3127
3127
3127
3127
3127
3104
3104
3104
3104
3104
3104
3104
3104
3104
3104
3104
3104
3104
3011
3011
3011
3011
3011
3011
3011
3011
3011
3011
3011
3011
3011
3011
3011
3011
3011
3011
3011
3011
3011
3011
3011
3011
3011
3011
3011
3011
3011
3011
3011
3011
3011
3011
3011
3011
3011
3011
3011
3011
3011
3011
3011
3011
3011
3011
3011
3011
3011
3011
3011
3011
3011
3011
3011
3011
3011
3011
3011
3011
3011
3011
3011
3011
3011
3011
3011
3011
3011
3011
3011
3011
3011
3011
3011
3011
3011
3011
3011
3011
3011
3011
3011
3011
3011
3011
3011
3011
3011
3011
3011
3011
3011
3011
3011
3011
3011
3011
3011
3011
3602
3602
3462
3323
3323
3323
3323
3323
3311
3311
3245
3245
3245
3245
3245
3225
3225
3225
3225
3219
3219
3219
3219
3210
3210
3210
3210
3210
3210
3210
3121
3097
3097
3097
3097
3097
3097
3097
3097
3097
3097
3097
3097
3097
3097
3097
3097
3097
3097
3097
3097
3097
3097
3097
3097
3097
3097
3097
3097
3097
3097
3097
3097
3097
3097
3097
3097
3097
3097
3097
3097
3097
3097
3097
3097
3097
3097
3097
3097
3097
3097
3097
3097
3097
3097
3097
3097
3097
3097
3097
3097
3097
3097
3097
3097
3082
3082
3082
3082
3082
3082
3082
3082
3082
3078
3078
3078
3078
3078
3078
3078
3078
3078
3028
3028
3028
3028
3028
3028
3028
3028
3028
3028
3028
3028
3028
3028
3028
3028
3028
3028
3028
3028
3028
3028
3028
3028
3028
3028
3028
3028
3028
3028
3028
3028
3028
3028
3028
3028
3028
3028
3028
3028
3028
3028
3028
3028
3028
3028
3028
3028
3028
3028
3028
3028
3028
3028
3028
3028
3028
3028
3028
3028
3028
3028
3028
3028
3028
3028
3028
3028
3028
3009
3009
3009
3009
3009
3009
3009
3009
3009
3009
3009
3009
3009
3009
3009
3009
3009
3009
3009
3009
3009
3009
3009
3009
3009
3009
3009
3009
3009
3009
3009
3009
3009
3009
3009
3009
3009
3009
3009
3009
3009
3009
3009
3009
3009
3009
3009
3009
3009
3009
3009
3009
3009
3009
3009
3009
3009
3009
3009
3009
3009
3009
3009
3009
3009
3009
3009
3009
3009
3009
3009
3009
3009
3009
3009
3009
3009
3009
3009
3009
3009
3009
3009
3009
3009
3009
3009
3009
3009
3009
3009
3009
3009
3009
3009
3009
3009
3009
3009
3009
3464
3464
3407
3407
3407
3407
3407
3407
3407
3407
3407
3407
3407
3407
3407
3407
3396
3303
3303
3303
3303
3303
3303
3303
3303
3303
3275
3275
3275
3275
3275
3275
3275
3275
3275
3249
3249
3249
3249
3249
3249
3249
3249
3249
3249
3249
3217
3217
3212
3212
3212
3212
3212
3212
3195
3195
3195
3195
3195
3195
3195
3195
3195
3195
3195
3195
3195
3195
3195
3195
3195
3195
3195
3195
3195
3195
3195
3195
3195
3195
3195
3195
3195
3195
3195
3195
3195
3195
3195
3195
3195
3195
3195
3195
3195
3195
3195
3195
3195
3195
3195
3195
3195
3195
3195
3195
3195
3195
3195
3195
3195
3195
3195
3195
3195
3195
3195
3195
3195
3195
3195
3195
3195
3195
3195
3195
3195
3195
3195
3195
3195
3195
3195
3195
3195
3195
3195
3195
3195
3195
3195
3195
3195
3195
3195
3195
3195
3195
3195
3195
3195
3195
3195
3195
3375
3375
3375
3375
3375
3375
3375
3375
3375
3375
3375
3375
3375
3375
3375
3375
3375
3375
3375
3342
3342
3342
3342
3342
3342
3339
3339
3339
3339
3339
3339
3314
3314
3314
3314
3314
3311
3311
3311
3311
3311
3311
3306
3306
3246
3246
3246
3246
3246
3246
3246
3246
3246
3246
3246
3246
3246
3246
3246
3246
3246
3246
3246
3246
3246
3246
3246
3246
3246
3246
3246
3246
3246
3223
3223
3223
3223
3187
3187
3187
3187
3187
3187
3175
3175
3175
3175
3175
3175
3175
3175
3167
3167
3144
3144
3144
3144
3144
3144
3144
3144
3144
3144
3144
3144
3144
3144
3144
3144
3144
3144
3144
3144
3144
3144
3144
3144
3144
3144
3144
3144
3144
3144
3144
3144
3144
3144
3144
3144
3144
3144
3144
3144
3144
3144
3144
3144
3144
3144
3144
3144
3144
3144
3144
3144
3144
3144
3144
3144
3144
3144
3144
3144
3144
3144
3144
3135
3135
3135
3046
3046
3046
3046
3046
3046
3046
3046
3046
3046
3046
3046
3046
3046
3046
3046
3046
3046
3046
3046
3046
3046
3046
3046
3046
3046
3046
3046
3046
3046
3046
3046
3046
3046
3046
3046
3046
3046
3046
3046
3046
3046
3046
3046
3046
3046
3046
3046
3046
3046
3046
3046
3046
3046
3046
3046
3046
3046
3046
3046
3046
3046
3046
3046
3046
3046
3046
3046
3046
3046
3046
3046
3046
3046
3046
3046
3046
3046
3046
3046
3046
3046
3046
3046
3046
3046
3046
3046
3046
3046
3046
3046
3046
3046
3046
3046
3046
3046
3046
3046
3429
3429
3333
3333
3310
3204
3204
3204
3176
3176
3176
3176
3176
3176
3176
3176
3176
3176
3176
3176
3176
3176
3176
3176
3176
3176
3176
3176
3176
3176
3176
3176
3176
3176
3176
3176
3176
3176
3176
3176
3176
3176
3176
3176
3176
3176
3176
3176
3176
3176
3176
3176
3176
3176
3176
3176
3176
3176
3176
3176
3176
3176
3176
3176
3176
3176
3176
3176
3176
3176
3176
3176
3176
3176
3176
3176
3176
3176
3176
3176
3176
3176
3176
3176
3176
3176
3176
3176
3176
3176
3176
3176
3176
3176
3176
3176
3176
3176
3176
3176
3176
3176
3176
3176
3176
3176
3176
3176
3365
3365
3365
3365
3365
3265
3265
3265
3265
3265
3265
3265
3257
3257
3254
3254
3254
3254
3254
3254
3254
3254
3254
3254
3254
3254
3254
3254
3254
3254
3248
3248
3248
3248
3248
3245
3245
3245
3245
3245
3245
3245
3245
3245
3245
3245
3245
3245
3173
3173
3173
3173
3173
3173
3173
3099
3099
3099
3099
3099
3099
3099
3099
3099
3099
3099
3099
3099
3099
3099
3099
3099
3099
3099
3099
3099
3099
3099
3099
3099
3099
3099
3099
3099
3099
3099
3099
3099
3099
3099
3099
3099
3099
3099
3099
3099
3099
3099
3099
3099
3099
3099
3099
3099
3099
3099
3099
3099
3099
3099
3099
3099
3099
3099
3099
3099
3099
3099
3099
3099
3099
3099
3099
3099
3099
3099
3099
3099
3099
3099
3099
3099
3099
3099
3099
3099
3099
3099
3099
3099
3099
3099
3099
3099
3099
3099
3099
3099
3099
3099
3099
3099
3099
3099
3099
3631
3506
3421
3345
3345
3345
3345
3345
3345
3279
3279
3279
3279
3279
3279
3279
3279
3279
3279
3235
3235
3235
3235
3235
3235
3235
3235
3235
3235
3231
3231
3231
3231
3231
3231
3231
3231
3231
3231
3231
3231
3231
3199
3199
3199
3199
3199
3199
3199
3199
3199
3199
3199
3199
3199
3199
3199
3199
3199
3199
3199
3199
3199
3199
3199
3199
3199
3199
3199
3199
3199
3199
3199
3199
3199
3199
3199
3199
3199
3199
3199
3199
3199
3199
3199
3199
3199
3199
3199
3199
3199
3199
3199
3199
3199
3199
3199
3199
3199
3199
3199
3199
3199
3199
3199
3199
3199
3199
3199
3199
3199
3199
3199
3199
3199
3199
3199
3199
3199
3199
3199
3199
3199
3199
3199
3199
3199
3199
3199
3199
3199
3199
3199
3199
3199
3199
3199
3199
3199
3199
3199
3199
3622
3502
3502
3502
3481
3481
3481
3481
3481
3481
3449
3428
3428
3428
3406
3406
3406
3406
3406
3406
3406
3406
3355
3355
3355
3348
3348
3348
3348
3348
3348
3348
3348
3348
3348
3348
3348
3348
3348
3348
3348
3327
3327
3327
3327
3327
3327
3327
3327
3209
3209
3209
3209
3209
3209
3209
3209
3209
3209
3209
3209
3209
3209
3209
3209
3209
3209
3209
3209
3209
3209
3209
3182
3182
3182
3068
3068
3068
3068
3068
3068
3068
3068
3068
3068
3068
3068
3068
3068
3068
3068
3068
3068
3068
3068
3068
3068
3068
3068
3068
3068
3068
3068
3068
3068
3068
3068
3068
3068
3068
3068
3068
3068
3068
3068
3068
3068
3029
3029
3029
3029
3029
3029
3029
3029
3029
3029
3029
3029
3029
3029
3029
3029
3029
3029
3029
3029
3029
3029
3029
3029
3029
3029
3029
3029
3029
3029
3002
3002
3002
3002
3002
3002
3002
3002
3002
3002
3002
3002
3002
3002
3002
3002
3002
3002
3002
3002
3002
3002
3002
3002
3002
3002
3002
3002
3002
3002
3002
3002
3002
3002
3002
2995
2995
2995
2995
2995
2995
2995
2995
2995
2995
2995
2995
2995
2995
2995
2995
2995
2995
2995
2995
2995
2995
2995
2995
2995
2995
2995
2995
2995
2995
2995
2995
2995
2995
2995
2995
2995
2995
2995
2995
2995
2995
2995
2995
2995
2995
2995
2995
2995
2995
2995
2995
2995
2995
2995
2995
2995
2995
2995
2995
2995
2995
2995
2995
2995
2995
2995
2995
2995
2995
2995
2995
2995
2995
2995
2995
2995
2995
2995
2995
2995
2995
2995
2995
2995
2995
2995
2995
2995
2995
2995
2995
2995
2995
2995
2995
2995
2995
2995
2995
3559
3509
3509
3465
3465
3465
3465
3465
3465
3459
3459
3396
3355
3355
3355
3355
3355
3355
3355
3355
3355
3355
3355
3355
3355
3345
3345
3345
3345
3328
3328
3310
3310
3310
3310
3310
3310
3310
3310
3310
3310
3310
3310
3310
3310
3310
3310
3310
3310
3310
3310
3310
3310
3310
3310
3310
3264
3264
3264
3264
3264
3264
3264
3264
3264
3264
3264
3264
3151
3151
3151
3151
3151
3151
3151
3151
3151
3151
3151
3151
3151
3151
3151
3151
3151
3151
3151
3151
3151
3151
3151
3151
3151
3144
3144
3144
3144
3144
3144
3144
3144
3144
3144
3144
3144
3144
3144
3144
3144
3144
3144
3144
3144
3144
3144
3144
3144
3144
3144
3144
3144
3122
3122
3122
3122
3122
3122
3122
3122
3122
3122
3122
3122
3122
3122
3122
3122
3122
3122
3122
3122
3122
3122
3122
3122
3122
3122
3122
3122
3122
3122
3122
3122
3122
3122
3122
3122
3122
3122
3122
3122
3122
3122
3122
3122
3122
3122
3122
3122
3122
3122
3122
3122
3122
3122
3122
3122
3122
3122
3072
3072
3072
3072
3072
3072
3072
3072
3072
3072
3072
3072
3072
3072
3072
3072
3072
3072
3072
3072
3072
3072
3072
3072
3072
3072
3072
3072
3072
3072
3072
3072
3072
3072
3072
3072
3072
3072
3072
3072
3072
3072
3072
3072
3072
3072
3072
3072
3072
3072
3072
3072
3072
3072
3072
3072
3072
3072
3072
3072
3072
3072
3072
3072
3072
3072
3072
3072
3072
3072
3072
3072
3072
3072
3072
3072
3072
3072
3072
3072
3072
3072
3072
3072
3072
3072
3072
3072
3072
3072
3072
3072
3072
3072
3072
3072
3072
3072
3072
3072
3512
3505
3505
3505
3285
3285
3285
3285
3285
3285
3285
3285
3285
3285
3285
3285
3285
3285
3285
3282
3282
3243
3243
3243
3243
3243
3243
3243
3243
3243
3243
3243
3243
3243
3243
3243
3243
3186
3186
3186
3186
3186
3186
3186
3186
3186
3186
3186
3186
3186
3186
3186
3186
3186
3148
3148
3148
3148
3148
3148
3126
3126
3126
3126
3096
3096
3096
3096
3096
3096
3096
3096
3096
3096
3096
3096
3096
3096
3096
3096
3096
3096
3096
3096
3096
3096
3096
3096
3096
3096
3096
3096
3096
3096
3096
3096
3096
3096
3096
3096
3096
3096
3096
3096
3096
3096
3096
3096
3096
3096
3096
3096
3096
3096
3096
3096
3096
3096
3096
3096
3096
3096
3096
3096
3096
3096
3096
3096
3096
3088
3088
3088
3088
3088
3088
3088
3088
3088
3088
3088
3088
3088
3088
3088
3088
3088
3088
3088
3088
3088
3088
3088
3088
3088
3088
3088
3088
3088
3088
3088
3088
3088
3088
3088
3088
3088
3088
3088
3088
3088
3088
3088
3088
3088
3088
3088
3088
3088
3088
3088
3088
3088
3088
3088
3088
3088
3088
3088
3088
3088
3088
3088
3088
3088
3088
3088
3088
3088
3088
3088
3088
3077
3077
3077
3077
3077
3077
3077
3077
3077
3077
3077
3077
3077
3077
3077
3077
3077
3077
3077
3077
3077
3077
3077
3077
3077
3077
3077
3077
3077
3077
3077
3077
3077
3077
3077
3077
3077
3077
3077
3077
3077
3077
3077
3077
3077
3077
3077
3077
3077
3077
3077
3077
3077
3077
3077
3077
3077
3077
3077
3077
3077
3077
3077
3077
3077
3077
3077
3077
3077
3077
3077
3077
3077
3077
3077
3077
3077
3077
3077
3077
3077
3077
3077
3077
3077
3077
3077
3077
3077
3077
3077
3077
3077
3077
3077
3077
3077
3077
3077
3077
3620
3555
3555
3555
3533
3533
3533
3440
3440
3440
3301
3301
3301
3301
3301
3244
3244
3244
3244
3244
3244
3244
3244
3244
3244
3221
3221
3217
3217
3217
3217
3217
3217
3217
3217
3217
3217
3217
3217
3181
3181
3181
3181
3181
3181
3181
3181
3181
3181
3181
3181
3181
3181
3181
3181
3181
3181
3181
3181
3181
3181
3181
3181
3181
3181
3181
3181
3181
3181
3181
3181
3181
3181
3181
3181
3181
3181
3181
3181
3181
3181
3181
3181
3181
3181
3181
3181
3181
3181
3181
3181
3181
3181
3181
3181
3181
3181
3181
3181
3181
3181
3181
3181
3181
3181
3181
3181
3173
3173
3173
3173
3173
3173
3173
3173
3170
3170
3170
3170
3170
3170
3170
3170
3170
3170
3170
3170
3170
3170
3170
3170
3170
3170
3170
3170
3170
3170
3170
3170
3170
3170
3170
3170
3170
3170
3170
3170
3170
3170
3170
3170
3170
3170
3170
3170
3170
3170
3170
3170
3170
3170
3170
3170
3170
3170
3170
3170
3170
3170
3170
3170
3170
3170
3170
3170
3170
3170
3144
3144
3144
3144
3144
3144
3144
3144
3144
3144
3144
3144
3144
3144
3144
3144
3144
3144
3144
3144
3144
3144
3144
3144
3144
3144
3144
3144
3144
3144
3144
3144
3144
3144
3144
3144
3144
3144
3144
3144
3122
3122
3122
3122
3122
3122
3122
3122
3122
3122
3122
3122
3122
3122
3122
3122
3122
3122
3122
3122
3122
3122
3055
3055
3055
3055
3055
3055
3055
3055
3055
3055
3055
3055
3055
3055
3055
3055
3055
3055
3055
3055
3055
3055
3055
3055
3055
3055
3055
3055
3055
3055
3055
3055
3055
3055
3055
3055
3055
3055
3055
3055
3055
3055
3055
3055
3055
3042
3042
3042
3042
3042
3042
3042
3042
3042
3042
3042
3042
3042
3042
3042
3042
3042
3042
3042
3042
3042
3042
3042
3042
3042
3042
3042
3042
3042
3042
3042
3042
3042
3042
3042
3042
3042
3042
3042
3042
3042
3042
3042
3042
3042
3042
3042
3042
3042
3042
3042
3042
3042
3042
3042
3042
3042
3042
3042
3042
3042
3042
3042
3042
3042
3042
3042
3042
3042
3042
3042
3042
3042
3042
3042
3042
3042
3042
3042
3042
3042
3042
3042
3042
3042
3042
2985
2985
2985
2985
2985
2985
2985
2985
2985
2985
2985
2985
2985
2985
2985
2985
2985
2985
2985
2985
2985
2985
2985
2985
2985
2985
2985
2985
2985
2985
2985
2985
2985
2985
2985
2985
2985
2985
2985
2985
2985
2985
2985
2985
2985
2985
2985
2985
2985
2985
2985
2985
2985
2985
2985
2985
2985
2985
2985
2985
2985
2985
2985
2985
2985
2985
2985
2985
2985
2985
2985
2985
2985
2985
2985
2985
2985
2985
2985
2985
2985
2985
2985
2985
2985
2985
2985
2985
2985
2985
2985
2985
2985
2985
2985
2985
2985
2985
2985
2985
3544
3544
3493
3358
3278
3278
3278
3278
3278
3278
3278
3278
3278
3278
3278
3278
3278
3278
3278
3278
3278
3278
3278
3278
3278
3278
3278
3278
3278
3278
3278
3278
3278
3278
3278
3278
3278
3273
3273
3273
3273
3273
3273
3273
3273
3273
3273
3273
3273
3273
3273
3273
3273
3273
3273
3273
3273
3273
3273
3273
3273
3273
3273
3273
3273
3273
3239
3239
3239
3239
3239
3239
3211
3211
3211
3211
3211
3211
3211
3211
3211
3211
3211
3211
3211
3211
3211
3211
3211
3211
3211
3211
3110
3110
3087
3087
3087
3087
3087
3087
3087
3087
3087
3066
3066
3066
3066
3066
3066
3066
3066
3066
3066
3066
3066
3066
3066
3066
3066
3066
3066
3066
3066
3066
3066
3066
3066
3066
3066
3066
3066
3066
3066
3066
3066
3066
3066
3066
3066
3066
3066
3066
3066
3066
3066
3066
3066
3066
3066
3066
3066
3066
3066
3066
3066
3066
3066
3066
3066
3066
3066
3066
3066
3066
3066
3066
3066
3066
3066
3066
3066
3066
3066
3066
3066
3066
3066
3066
3066
3066
3066
3066
3066
3066
3066
3066
3066
3066
3066
3066
3066
3066
3066
3066
3066
3066
3066
3066
3066
3066
3066
3066
3066
3630
3556
3556
3485
3485
3485
3454
3454
3454
3454
3454
3454
3411
3411
3411
3411
3411
3411
3401
3401
3401
3401
3401
3401
3350
3350
3350
3350
3350
3285
3285
3285
3285
3285
3285
3285
3285
3285
3285
3285
3253
3253
3253
3253
3253
3253
3253
3224
3224
3224
3224
3224
3224
3224
3224
3224
3224
3224
3199
3199
3199
3199
3199
3199
3199
3199
3199
3199
3199
3199
3199
3199
3199
3199
3199
3199
3199
3199
3199
3199
3199
3199
3199
3199
3199
3199
3199
3199
3199
3199
3199
3199
3199
3199
3199
3199
3199
3198
3198
3198
3198
3198
3198
3198
3198
3198
3198
3198
3198
3198
3198
3198
3198
3198
3198
3198
3198
3198
3198
3198
3198
3198
3198
3198
3198
3198
3198
3198
3198
3198
3198
3198
3198
3198
3198
3198
3100
3100
3100
3100
3100
3065
3065
3065
3065
3065
3065
3065
3065
3065
3065
3065
3065
3065
3065
3065
3065
3065
3065
3065
3065
3065
3065
3065
3065
3065
3065
3065
3065
3065
3065
3065
3065
3065
3065
3065
3065
3065
3065
3065
3065
3065
3065
3065
3065
3065
3065
3065
3065
3065
3065
3065
3065
3065
3065
3065
3065
3065
3065
3065
3065
3065
3065
3065
3065
3065
3065
3065
3065
3065
3065
3065
3065
3065
3065
3065
3065
3065
3065
3065
3065
3065
3065
3065
3065
3065
3065
3065
3065
3065
3065
3065
3065
3065
3065
3065
3065
3065
3065
3065
3065
3361
3361
3315
3315
3315
3315
3315
3315
3315
3315
3315
3309
3257
3257
3257
3257
3257
3257
3257
3257
3257
3257
3257
3257
3257
3257
3257
3257
3257
3257
3257
3253
3253
3253
3253
3253
3253
3253
3253
3253
3253
3253
3253
3253
3253
3253
3253
3253
3253
3253
3253
3253
3253
3253
3253
3253
3253
3253
3253
3253
3253
3253
3253
3253
3253
3253
3253
3253
3253
3253
3182
3182
3182
3182
3182
3182
3182
3182
3182
3182
3182
3182
3182
3182
3182
3182
3182
3182
3182
3182
3182
3182
3182
3182
3182
3182
3182
3182
3182
3182
3182
3182
3182
3182
3182
3182
3182
3182
3182
3182
3182
3182
3182
3182
3182
3182
3182
3182
3182
3182
3182
3182
3182
3182
3182
3182
3182
3182
3182
3182
3182
3182
3182
3182
3182
3182
3182
3182
3182
3182
3182
3182
3182
3182
3182
3182
3182
3182
3182
3182
3182
3182
3182
3182
3182
3182
3182
3182
3182
3182
3182
3182
3182
3182
3182
3182
3182
3182
3182
3182
3453
3309
3219
3219
3219
3219
3219
3219
3219
3219
3219
3219
3219
3219
3219
3219
3219
3208
3208
3208
3208
3208
3208
3208
3208
3208
3208
3208
3208
3208
3208
3208
3208
3208
3208
3208
3208
3208
3208
3208
3208
3208
3208
3208
3208
3208
3208
3208
3208
3208
3208
3208
3208
3208
3208
3208
3208
3208
3208
3208
3208
3208
3208
3208
3208
3208
3208
3208
3208
3208
3208
3208
3208
3208
3208
3208
3208
3208
3208
3208
3208
3208
3208
3208
3208
3208
3208
3208
3208
3208
3208
3208
3208
3208
3208
3208
3208
3208
3208
3208
3208
3208
3208
3208
3208
3208
3208
3208
3208
3208
3208
3208
3208
3208
3208
3208
3208
3354
3354
3354
3354
3354
3354
3354
3354
3327
3327
3281
3281
3267
3267
3267
3267
3232
3232
3201
3201
3201
3201
3201
3201
3201
3201
3201
3201
3201
3201
3201
3201
3201
3201
3201
3201
3201
3201
3201
3201
3201
3201
3194
3194
3194
3150
3150
3150
3150
3150
3130
3130
3130
3130
3130
3130
3130
3130
3130
3130
3130
3130
3130
3130
3130
3130
3130
3130
3130
3130
3130
3130
3130
3130
3130
3130
3130
3130
3130
3130
3130
3130
3130
3130
3130
3130
3130
3130
3130
3130
3130
3130
3130
3130
3130
3130
3130
3130
3130
3130
3130
3130
3130
3130
3130
3130
3130
3129
3129
3129
3129
3129
3129
3129
3129
3129
3129
3129
3129
3129
3129
3129
3127
3127
3127
3127
3127
3127
3127
3127
3127
3121
3121
3121
3121
3121
3121
3121
3121
3121
3121
3121
3121
3121
3121
3121
3121
3121
3121
3121
3121
3121
3121
3121
3121
3121
3121
3121
3121
3121
3121
3121
3121
3121
3121
3121
3121
3121
3121
3121
3121
3121
3121
3121
3121
3121
3121
3121
3121
3121
3121
3121
3121
3121
3121
3121
3121
3121
3121
3121
3121
3121
3121
3121
3121
3121
3121
3121
3121
3121
3121
3121
3121
3121
3121
3121
3121
3121
3121
3121
3121
3121
3121
3121
3121
3121
3121
3121
3121
3121
3121
3121
3121
3121
3121
3121
3121
3121
3121
3121
3121
3533
3533
3241
3241
3241
3241
3241
3241
3241
3241
3241
3241
3241
3241
3241
3241
3241
3241
3241
3241
3241
3241
3241
3241
3241
3241
3241
3241
3241
3241
3241
3241
3241
3241
3241
3241
3241
3241
3241
3241
3241
3241
3241
3241
3241
3241
3241
3241
3241
3241
3241
3241
3241
3241
3241
3241
3241
3241
3241
3241
3241
3241
3241
3241
3241
3241
3241
3241
3241
3241
3241
3241
3241
3241
3241
3241
3241
3241
3241
3241
3241
3241
3241
3241
3241
3241
3239
3239
3239
3239
3239
3239
3239
3239
3239
3239
3239
3239
3239
3239
3239
3239
3239
3239
3239
3239
3239
3239
3239
3239
3239
3239
3239
3239
3239
3239
3239
3239
3239
3239
3239
3239
3239
3239
3239
3239
3239
3239
3239
3239
3239
3239
3239
3239
3239
3239
3239
3239
3239
3239
3239
3239
3239
3239
3239
3239
3239
3239
3239
3239
3239
3239
3239
3239
3239
3239
3239
3239
3239
3239
3239
3239
3239
3239
3239
3239
3239
3239
3239
3239
3239
3239
3239
3239
3239
3239
3239
3239
3239
3239
3239
3239
3239
3239
3239
3239
3410
3410
3410
3410
3410
3410
3410
3410
3410
3385
3385
3385
3346
3338
3338
3338
3313
3313
3313
3313
3313
3313
3313
3313
3313
3313
3313
3313
3313
3313
3273
3273
3273
3273
3273
3273
3273
3273
3273
3273
3273
3273
3273
3273
3273
3273
3273
3273
3273
3273
3273
3273
3273
3252
3252
3252
3252
3252
3252
3252
3252
3252
3252
3252
3252
3252
3252
3252
3252
3252
3252
3252
3252
3252
3182
3182
3182
3182
3182
3182
3182
3182
3182
3182
3182
3182
3182
3182
3182
3182
3182
3142
3142
3142
3142
3142
3142
3142
3142
3142
3142
3142
3142
3142
3142
3142
3142
3142
3142
3142
3142
3142
3142
3142
3142
3142
3142
3142
3142
3142
3142
3142
3142
3135
3135
3135
3135
3135
3135
3135
3135
3135
3135
3135
3135
3135
3135
3135
3135
3135
3135
3135
3135
3135
3135
3135
3135
3135
3135
3135
3135
3135
3135
3135
3135
3135
3135
3135
3135
3135
3135
3135
3135
3135
3135
3135
3135
3135
3135
3135
3135
3135
3135
3123
3123
3123
3123
3123
3123
3123
3123
3123
3123
3123
3123
3123
3123
3123
3123
3123
3123
3123
3123
3123
3123
3123
3123
3123
3123
3123
3123
3123
3123
3123
3123
3123
3123
3123
3123
3123
3123
3123
3123
3123
3123
3123
3123
3123
3123
3123
3123
3123
3123
3123
3123
3123
3123
3123
3123
3123
3123
3123
3123
3123
3123
3123
3123
3123
3123
3123
3123
3123
3123
3123
3123
3123
3123
3123
3123
3123
3123
3123
3123
3123
3123
3123
3123
3123
3123
3123
3123
3123
3123
3123
3123
3123
3123
3123
3123
3123
3123
3123
3123
3454
3454
3389
3389
3389
3370
3370
3370
3370
3370
3370
3370
3330
3330
3330
3330
3330
3330
3330
3330
3321
3321
3321
3321
3321
3321
3321
3321
3321
3321
3321
3321
3321
3321
3321
3321
3321
3321
3321
3321
3321
3251
3251
3251
3251
3251
3251
3251
3251
3251
3251
3251
3251
3251
3251
3251
3251
3251
3251
3251
3251
3251
3251
3251
3251
3251
3144
3144
3144
3144
3144
3144
3144
3144
3144
3144
3144
3144
3144
3144
3144
3144
3144
3144
3144
3144
3144
3144
3144
3144
3144
3144
3144
3144
3144
3144
3144
3144
3144
3144
3144
3144
3144
3144
3144
3144
3144
3144
3144
3144
3128
3128
3128
3128
3128
3128
3128
3128
3128
3128
3128
3128
3128
3128
3128
3128
3128
3128
3128
3128
3128
3128
3128
3128
3128
3128
3128
3128
3128
3128
3128
3128
3128
3128
3128
3128
3128
3128
3128
3128
3128
3128
3128
3128
3128
3128
3128
3128
3128
3128
3126
3126
3126
3126
3126
3126
3126
3126
3126
3126
3126
3126
3126
3126
3126
3126
3126
3126
3126
3126
3126
3126
3126
3126
3126
3126
3126
3126
3126
3126
3126
3126
3126
3126
3126
3126
3126
3126
3126
3126
3126
3126
3126
3126
3126
3126
3126
3126
3126
3126
3126
3126
3126
3126
3126
3126
3126
3126
3126
3126
3126
3126
3126
3126
3126
3126
3126
3126
3126
3126
3126
3126
3126
3126
3126
3126
3126
3126
3126
3126
3126
3126
3126
3126
3126
3126
3126
3126
3126
3126
3126
3126
3126
3126
3126
3126
3126
3126
3126
3126
3502
3502
3421
3421
3230
3230
3230
3230
3230
3230
3230
3230
3230
3230
3230
3230
3230
3230
3230
3230
3230
3230
3230
3230
3230
3230
3203
3203
3203
3203
3203
3203
3203
3203
3203
3203
3203
3203
3203
3203
3203
3203
3203
3203
3140
3140
3140
3140
3140
3140
3140
3140
3140
3140
3140
3140
3140
3140
3140
3140
3140
3140
3140
3140
3140
3140
3140
3140
3140
3140
3140
3140
3140
3140
3140
3140
3140
3140
3140
3140
3140
3140
3140
3140
3140
3140
3140
3140
3140
3140
3140
3140
3140
3140
3140
3140
3140
3140
3140
3140
3140
3140
3140
3140
3140
3140
3140
3140
3140
3140
3140
3140
3140
3140
3140
3140
3140
3140
3140
3140
3140
3140
3140
3140
3140
3140
3140
3140
3140
3140
3140
3140
3140
3140
3140
3140
3132
3132
3132
3132
3132
3132
3132
3132
3132
3132
3132
3132
3132
3132
3132
3132
3132
3132
3132
3132
3132
3132
3132
3132
3132
3132
3132
3132
3132
3132
3132
3132
3132
3132
3132
3132
3132
3132
3132
3132
3132
3132
3132
3132
3132
3132
3132
3132
3132
3132
3132
3132
3132
3132
3132
3132
3132
3116
3116
3116
3116
3116
3116
3116
3113
3113
3113
3113
3113
3113
3113
3113
3113
3113
3113
3113
3113
3113
3113
3113
3113
3113
3113
3113
3113
3113
3113
3113
3113
3113
3113
3113
3113
3113
3113
3113
3113
3113
3113
3113
3113
3113
3113
3113
3113
3113
3113
3113
3113
3113
3113
3113
3113
3113
3113
3113
3113
3113
3113
3065
3065
3065
3030
3030
3030
2972
2972
2972
2972
2972
2972
2972
2972
2972
2972
2972
2972
2972
2972
2972
2972
2972
2972
2972
2972
2972
2972
2972
2972
2972
2972
2972
2972
2972
2972
2972
2972
2972
2972
2970
2970
2970
2970
2970
2970
2970
2970
2970
2970
2970
2970
2970
2970
2970
2970
2970
2970
2970
2970
2970
2970
2970
2970
2970
2970
2970
2970
2970
2970
2970
2970
2970
2970
2970
2970
2970
2970
2970
2970
2970
2970
2970
2970
2970
2970
2970
2970
2970
2970
2970
2970
2970
2970
2970
2970
2970
2970
2970
2970
2970
2970
2970
2970
2970
2970
2970
2970
2970
2970
2970
2970
2970
2970
2970
2970
2970
2970
2970
2970
2970
2970
2970
2970
2970
2970
2970
2970
2970
2970
2970
2970
2970
2970
2970
2970
2970
2970
2970
2970
3703
3574
3517
3456
3456
3456
3305
3305
3290
3290
3290
3290
3290
3290
3290
3290
3290
3290
3290
3290
3290
3290
3290
3290
3290
3290
3290
3290
3290
3290
3290
3290
3290
3290
3290
3290
3290
3290
3290
3290
3277
3277
3277
3277
3277
3213
3213
3213
3213
3213
3213
3213
3213
3213
3213
3213
3213
3213
3213
3213
3213
3213
3213
3213
3213
3213
3213
3213
3213
3213
3213
3213
3213
3213
3213
3213
3213
3213
3213
3213
3213
3213
3213
3213
3213
3213
3213
3213
3213
3213
3213
3213
3213
3213
3213
3213
3213
3213
3213
3213
3213
3213
3213
3213
3213
3213
3213
3213
3213
3213
3213
3213
3213
3213
3213
3213
3177
3177
3177
3174
3174
3174
3174
3174
3174
3174
3174
3174
3174
3174
3174
3174
3174
3174
3174
3174
3174
3174
3174
3174
3174
3174
3174
3174
3174
3174
3174
3174
3174
3174
3174
3174
3174
3174
3174
3174
3174
3174
3174
3174
3174
3174
3174
3174
3174
3174
3174
3174
3174
3174
3174
3174
3159
3159
3159
3159
3079
3079
3079
3079
3079
3079
3079
3079
3079
3079
3079
3079
3079
3079
3079
3079
3079
3079
3079
3079
3079
3079
3079
3079
3079
3079
3079
3079
3079
3079
3079
3079
3079
3079
3079
3079
3079
3079
3079
3079
3079
3079
3079
3079
3079
3079
3079
3079
3079
3079
3079
3079
3079
3079
3079
3079
3079
3079
3079
3079
3079
3079
3079
3079
3079
3079
3079
3079
3079
3079
3079
3079
3079
3079
3079
3079
3079
3079
3079
3079
3079
3079
3079
3079
3079
3079
3079
3079
3079
3079
3079
3079
3079
3079
3079
3079
3079
3079
3079
3079
3459
3299
3299
3299
3299
3299
3299
3299
3299
3299
3299
3299
3299
3299
3299
3299
3299
3299
3299
3299
3299
3299
3299
3299
3299
3299
3299
3299
3299
3299
3299
3299
3299
3299
3299
3299
3299
3299
3299
3299
3299
3299
3299
3299
3299
3299
3299
3299
3299
3299
3299
3299
3299
3299
3299
3299
3299
3299
3299
3299
3299
3299
3299
3299
3299
3299
3299
3299
3299
3299
3299
3276
3276
3276
3276
3276
3276
3276
3276
3276
3276
3276
3276
3276
3276
3276
3276
3276
3276
3276
3276
3276
3276
3276
3276
3276
3276
3276
3276
3276
3276
3276
3276
3276
3276
3276
3276
3276
3276
3276
3276
3276
3276
3276
3276
3276
3276
3276
3276
3276
3276
3276
3276
3276
3276
3276
3276
3276
3276
3276
3276
3276
3276
3276
3249
3249
3249
3249
3249
3249
3249
3249
3249
3249
3249
3249
3249
3249
3249
3249
3249
3249
3249
3249
3249
3249
3249
3249
3249
3249
3249
3249
3249
3249
3249
3249
3249
3249
3249
3249
3249
3249
3249
3249
3249
3249
3249
3249
3249
3249
3249
3249
3249
3209
3209
3209
3209
3209
3209
3209
3209
3209
3209
3209
3209
3209
3209
3176
3176
3176
3176
3176
3176
3176
3176
3176
3176
3176
3176
3176
3176
3176
3176
3176
3176
3176
3176
3176
3176
3176
3160
3160
3160
3160
3160
3160
3160
3160
3160
3160
3160
3160
3160
3160
3160
3160
3160
3160
3160
3160
3160
3160
3158
3158
3158
3158
3158
3158
3158
3158
3158
3158
3158
3158
3158
3158
3158
3158
3158
3158
3158
3158
3158
3158
3158
3158
3158
3158
3158
3158
3158
3158
3158
3158
3158
3158
3158
3158
3158
3158
3158
3158
3158
3158
3158
3158
3158
3158
3158
3158
3158
3158
3158
3158
3158
3158
3158
3158
3158
3158
3158
3158
3158
3158
3158
3158
3158
3158
3158
3158
3158
3158
3158
3158
3158
3158
3158
3158
3158
3158
3158
3158
3158
3158
3158
3158
3158
3158
3158
3158
3158
3158
3158
3158
3158
3158
3158
3158
3158
3158
3158
3158
3657
3385
3337
3337
3337
3337
3309
3309
3309
3309
3309
3309
3309
3309
3309
3309
3309
3309
3309
3309
3309
3309
3309
3309
3309
3309
3270
3270
3270
3270
3270
3270
3270
3270
3270
3270
3270
3270
3270
3270
3270
3270
3270
3270
3270
3154
3154
3154
3154
3154
3154
3154
3154
3154
3154
3154
3154
3154
3154
3154
3154
3154
3154
3154
3154
3154
3154
3154
3154
3154
3154
3154
3154
3154
3154
3154
3154
3154
3154
3154
3154
3154
3154
3154
3154
3154
3154
3138
3138
3138
3138
3138
3138
3138
3138
3138
3138
3138
3138
3138
3138
3138
3138
3138
3138
3138
3138
3138
3138
3138
3119
3119
3119
3119
3119
3119
3119
3119
3119
3119
3119
3119
3119
3119
3119
3119
3119
3119
3119
3119
3119
3119
3119
3119
3119
3119
3119
3119
3119
3119
3119
3119
3119
3119
3119
3119
3119
3119
3119
3119
3119
3119
3119
3119
3103
3103
3103
3103
3103
3103
3103
3103
3103
3103
3103
3103
3103
3103
3103
3103
3103
3103
3103
3103
3103
3103
3103
3079
3079
3079
3079
3056
3056
3056
3056
3056
3056
3056
3056
3056
3056
3056
3056
3056
3056
3056
3056
3056
3056
3056
3056
3056
3056
3056
3056
3056
3056
3056
3056
3056
3056
3056
3056
3056
3056
3056
3056
3056
3056
3056
3056
3056
3056
3056
3056
3056
3056
3056
3056
3056
3056
3056
3056
3056
3056
3056
3056
3056
3056
3056
3056
3056
3056
3056
3056
3056
3056
3056
3056
3056
3056
3056
3056
3056
3056
3056
3056
3056
3056
3056
3056
3056
3056
3056
3056
3056
3056
3056
3056
3056
3056
3056
3009
3009
3009
3009
3009
3009
3009
3009
3009
3009
3009
3009
3009
3009
3009
3009
3009
3009
3009
3009
3009
3009
3009
3009
3009
3009
3009
3009
3009
3009
3009
3009
3009
3009
3009
3009
3009
3009
3009
3009
3009
3009
3009
3009
3009
3009
3009
3009
3009
3009
3009
3009
3009
3009
3009
3009
3009
3009
3009
3009
3009
3009
3009
3009
3009
3009
3009
3009
3009
3009
3009
3009
3009
3009
3009
3009
3009
3009
3009
3009
3009
3009
3009
3009
3009
3009
3009
3009
3009
3009
3009
3009
3009
3009
3009
3009
3009
3009
3009
3009
3632
3533
3524
3524
3324
3324
3324
3324
3324
3324
3324
3324
3324
3324
3324
3324
3324
3324
3324
3324
3324
3324
3324
3324
3324
3324
3324
3324
3324
3324
3324
3324
3274
3274
3274
3245
3245
3245
3245
3245
3245
3245
3245
3245
3245
3245
3245
3245
3245
3245
3245
3245
3245
3245
3245
3245
3245
3245
3245
3245
3245
3245
3245
3245
3245
3245
3245
3245
3245
3245
3245
3245
3245
3245
3245
3245
3245
3245
3245
3245
3245
3245
3245
3245
3245
3245
3245
3245
3245
3245
3245
3245
3245
3245
3245
3245
3245
3245
3245
3245
3245
3245
3245
3245
3245
3245
3245
3245
3245
3245
3197
3197
3197
3197
3197
3197
3197
3197
3197
3197
3197
3197
3197
3197
3197
3197
3197
3197
3197
3197
3197
3197
3197
3197
3178
3178
3178
3178
3178
3178
3178
3135
3135
3135
3135
3135
3135
3135
3135
3135
3135
3135
3135
3135
3135
3135
3135
3135
3135
3135
3135
3135
3135
3135
3135
3135
3135
3135
3121
3121
3121
3121
3121
3121
3121
3121
3121
3121
3121
3121
3121
3121
3121
3121
3121
3121
3121
3121
3121
3121
3121
3121
3121
3121
3121
3121
3121
3121
3121
3121
3121
3121
3121
3121
3121
3121
3121
3121
3121
3121
3121
3121
3121
3121
3121
3060
3060
3060
3060
3060
3060
3060
3060
3060
3060
3060
3060
3060
3060
3060
3060
3060
3060
3060
3060
3060
3060
3060
3060
3060
3060
3060
3060
3060
2979
2979
2979
2979
2979
2979
2979
2979
2979
2979
2979
2979
2979
2979
2979
2979
2979
2979
2979
2979
2979
2979
2979
2979
2979
2979
2979
2979
2979
2979
2979
2979
2979
2967
2967
2967
2967
2967
2967
2967
2967
2967
2967
2967
2967
2967
2967
2967
2967
2967
2967
2967
2967
2967
2967
2967
2967
2967
2967
2967
2967
2967
2967
2967
2967
2967
2967
2967
2967
2967
2967
2967
2967
2967
2967
2967
2967
2967
2967
2967
2967
2967
2967
2967
2967
2967
2967
2967
2967
2967
2967
2967
2967
2967
2967
2967
2967
2967
2967
2967
2967
2967
2967
2967
2967
2967
2967
2967
2967
2967
2967
2967
2967
2967
2967
2967
2967
2967
2967
2967
2967
2967
2967
2967
2967
2967
2967
2967
2967
2967
2967
2967
2967
3554
3554
3462
3462
3462
3462
3462
3389
3389
3312
3312
3312
3312
3312
3312
3312
3312
3312
3296
3296
3296
3296
3296
3296
3296
3296
3296
3296
3296
3296
3258
3258
3258
3258
3258
3258
3258
