419
430
392
392
395
406
398
401
383
376
399
425
398
374
399
431
425
415
394
414
420
381
388
413
376
362
411
382
426
386
383
410
427
393
362
449
390
390
410
422
453
380
408
408
384
407
412
438
421
419
388
425
412
381
420
417
384
419
397
421
400
390
405
428
424
421
398
407
403
384
390
430
451
446
378
378
422
398
406
408
431
391
378
419
428
396
413
395
438
401
430
404
436
390
405
422
423
370
370
436
400
375
452
367
418
386
407
476
410
417
393
418
411
404
398
422
371
403
371
405
407
402
371
396
445
395
439
382
411
462
424
409
423
382
399
434
367
409
404
405
395
440
406
341
454
404
386
465
392
341
407
452
429
412
417
438
411
456
417
428
410
412
432
387
406
379
421
420
453
422
430
402
388
422
403
412
414
413
412
420
431
405
442
437
397
385
403
424
414
395
398
391
405
385
410
341
