0.11634373664855957
0.18213534355163574
0.21538519859313965
0.24621272087097168
0.2817702293395996
0.2954552173614502
0.3042452335357666
0.3138234615325928
0.32633352279663086
0.3509526252746582
0.36212921142578125
0.3753800392150879
0.3866732120513916
0.4085679054260254
0.42364931106567383
0.42939257621765137
0.43526172637939453
0.44583582878112793
0.45795607566833496
0.461867094039917
0.470501184463501
0.4809849262237549
0.49849748611450195
0.5013628005981445
0.5073833465576172
0.5097146034240723
0.518651008605957
0.528770923614502
0.535158634185791
0.5422170162200928
0.5462369918823242
0.5500407218933105
0.5573310852050781
0.5669212341308594
0.5732734203338623
0.5829951763153076
0.5908398628234863
0.5942695140838623
0.6016151905059814
0.6038637161254883
0.6060864925384521
0.6074979305267334
0.6100406646728516
0.6121425628662109
0.6142294406890869
0.6162130832672119
0.622220516204834
0.6250050067901611
0.6301963329315186
0.6316044330596924
0.6340739727020264
0.6371853351593018
0.6389760971069336
0.6413846015930176
0.6432905197143555
0.6479020118713379
0.6517460346221924
0.6532776355743408
0.6553432941436768
0.6567907333374023
0.6606040000915527
0.6625759601593018
0.6666274070739746
0.6681728363037109
0.6696593761444092
0.6725389957427979
0.6751008033752441
0.6768462657928467
0.6798403263092041
0.6826624870300293
0.684307336807251
0.6864182949066162
0.6879482269287109
0.6891825199127197
0.6905643939971924
0.6924142837524414
0.6959166526794434
0.6993253231048584
0.7015278339385986
0.7035138607025146
0.7059288024902344
0.7082138061523438
0.7099442481994629
0.7118597030639648
0.7180395126342773
0.7197129726409912
0.7227132320404053
0.7237420082092285
0.7252910137176514
0.7271583080291748
0.7285618782043457
0.7338869571685791
0.7349677085876465
0.7372581958770752
0.7386817932128906
0.7413828372955322
0.7426679134368896
0.7438030242919922
0.7457351684570312
0.7520678043365479
0.7581949234008789
0.7606689929962158
0.7638282775878906
0.764984130859375
0.7671573162078857
0.7690305709838867
0.7715928554534912
0.7731263637542725
0.7742745876312256
0.7780766487121582
0.7796909809112549
0.7813670635223389
0.7832608222961426
0.7874782085418701
0.790776252746582
0.7916340827941895
0.7930173873901367
0.7990128993988037
0.8015551567077637
0.8033390045166016
0.8049490451812744
0.8061623573303223
0.8082406520843506
0.8100903034210205
0.8122079372406006
0.8138959407806396
0.8148324489593506
0.8182535171508789
0.8199663162231445
0.8225293159484863
0.8344714641571045
0.836871862411499
0.8397212028503418
0.841834545135498
0.845515251159668
0.8486723899841309
0.8496444225311279
0.8521571159362793
0.8552894592285156
0.8586916923522949
0.8607063293457031
0.8656468391418457
0.8668582439422607
0.8707237243652344
0.873431921005249
0.8758604526519775
0.8781514167785645
0.87947678565979
0.8807888031005859
0.8825504779815674
0.8841719627380371
0.8874423503875732
0.8897209167480469
0.8914659023284912
0.8947024345397949
0.8969507217407227
0.8987360000610352
0.9015569686889648
0.9025468826293945
0.9059529304504395
0.9079205989837646
0.9096469879150391
0.9121384620666504
0.914849042892456
0.9168202877044678
0.9178404808044434
0.9199917316436768
0.9243438243865967
0.9268622398376465
0.9288656711578369
0.9324817657470703
0.9350135326385498
0.9375166893005371
0.9413290023803711
0.9438791275024414
0.9466865062713623
0.9479155540466309
0.9501476287841797
0.9516990184783936
0.954409122467041
0.9569375514984131
0.9588444232940674
0.9604194164276123
0.9634082317352295
0.964714527130127
0.9667263031005859
0.9700651168823242
0.9715855121612549
0.9734640121459961
0.9753780364990234
0.9769644737243652
0.9808564186096191
0.9830155372619629
0.9846096038818359
0.9863922595977783
0.9884562492370605
0.9899716377258301
0.9914247989654541
0.9940109252929688
0.9971518516540527
1.012908697128296
1.015981912612915
1.022608757019043
1.0250566005706787
1.0283498764038086
1.030531406402588
1.0326159000396729
1.0338027477264404
1.0350227355957031
1.0363070964813232
1.0373141765594482
1.038750410079956
1.0411772727966309
1.0429584980010986
1.0450208187103271
1.0469741821289062
1.048886775970459
1.0517454147338867
1.0532846450805664
1.0548732280731201
1.0564274787902832
1.058302402496338
1.059767723083496
1.0622870922088623
1.064265251159668
1.067232608795166
1.0701971054077148
1.071288824081421
1.0732295513153076
1.0754566192626953
1.0767676830291748
1.0784454345703125
1.0815844535827637
1.0846436023712158
1.0875980854034424
1.0901095867156982
1.0913236141204834
1.0941729545593262
1.0963265895843506
1.0993530750274658
1.1011040210723877
1.103149652481079
1.1043732166290283
1.106156826019287
1.1081647872924805
1.1105575561523438
1.111506700515747
1.1151087284088135
1.1181001663208008
1.1235730648040771
1.1243512630462646
1.1264643669128418
1.1275017261505127
1.1292026042938232
1.1306540966033936
1.1329481601715088
1.1351284980773926
1.1371777057647705
1.1388075351715088
1.1410813331604004
1.1516778469085693
1.156339168548584
1.158710241317749
1.160365104675293
1.1626179218292236
1.1637251377105713
1.1673836708068848
1.169468641281128
1.1710286140441895
1.172724962234497
1.1747758388519287
1.17747163772583
1.1803913116455078
1.1820533275604248
1.1829116344451904
1.1848583221435547
1.1872522830963135
1.1895315647125244
1.1914997100830078
1.1924874782562256
1.1951043605804443
1.1969428062438965
1.2004914283752441
1.2029216289520264
1.2050859928131104
1.2066330909729004
1.2081513404846191
1.2096590995788574
1.2105231285095215
1.2124910354614258
1.214355230331421
1.2177996635437012
1.2198565006256104
1.2217233180999756
1.22389554977417
1.226025104522705
1.2270925045013428
1.228233814239502
1.2293884754180908
1.230574369430542
1.2326688766479492
1.2342562675476074
1.236259937286377
1.2385342121124268
1.241136074066162
1.2423202991485596
1.2452118396759033
1.24723482131958
1.2493319511413574
1.2510905265808105
1.2522566318511963
1.254204511642456
1.2552671432495117
1.2563385963439941
1.2595479488372803
1.2615103721618652
1.263634204864502
1.265406608581543
1.2688322067260742
1.2724149227142334
1.2737054824829102
1.277010440826416
1.2783300876617432
1.2796533107757568
1.2823030948638916
1.2857201099395752
1.2878272533416748
1.2899940013885498
1.29231858253479
1.2946314811706543
1.2967753410339355
1.2997548580169678
1.300934076309204
1.3020315170288086
1.3033416271209717
1.3055503368377686
1.307037591934204
1.3094353675842285
1.312765121459961
1.3140466213226318
1.3168892860412598
1.3201842308044434
1.3235621452331543
1.3259830474853516
1.3301115036010742
1.3323085308074951
1.3342373371124268
1.3356192111968994
1.33701491355896
1.338775873184204
1.3404901027679443
1.3428161144256592
1.3445980548858643
1.3468873500823975
1.34849214553833
1.3501248359680176
1.3518426418304443
1.3535706996917725
1.3544197082519531
1.3559668064117432
1.358424186706543
1.359515905380249
1.3606948852539062
1.3630948066711426
1.3650836944580078
1.366631031036377
1.369330644607544
1.3705873489379883
1.3715219497680664
1.3728373050689697
1.3749816417694092
1.3765597343444824
1.3776321411132812
1.3804295063018799
1.3830769062042236
1.3842923641204834
1.385443925857544
1.3869762420654297
1.38979172706604
1.3914155960083008
1.3936693668365479
1.3957610130310059
1.3988816738128662
1.4015467166900635
1.4043843746185303
1.4062306880950928
1.4084644317626953
1.4110691547393799
1.4131715297698975
1.415053367614746
1.4164009094238281
1.418794870376587
1.4216008186340332
1.4226927757263184
1.425994634628296
1.4276421070098877
1.4297785758972168
1.4313080310821533
1.434495210647583
1.4363672733306885
1.437856912612915
1.439741611480713
1.4444780349731445
1.4468441009521484
1.448143720626831
1.4499742984771729
1.4514977931976318
1.453315019607544
1.4543745517730713
1.4560201168060303
1.4586350917816162
1.4606244564056396
1.4621739387512207
1.464655876159668
1.466324806213379
1.4673376083374023
1.4684171676635742
1.4693477153778076
1.4712934494018555
1.472358226776123
1.4745855331420898
1.4761395454406738
1.4771385192871094
1.4843041896820068
1.4871962070465088
1.4881830215454102
1.491325855255127
1.4940159320831299
1.4965488910675049
1.499246597290039
1.5005950927734375
1.5021193027496338
1.5040955543518066
1.506368637084961
1.5092449188232422
1.511348009109497
1.5124504566192627
1.5145955085754395
1.5156378746032715
1.5185673236846924
1.525597333908081
1.5280725955963135
1.5303425788879395
1.531475305557251
1.5334255695343018
1.5352356433868408
1.535937786102295
1.5370185375213623
1.5385956764221191
1.5399706363677979
1.5418004989624023
1.545414924621582
1.5466554164886475
1.5480468273162842
1.5491745471954346
1.5536003112792969
1.5543384552001953
1.5560309886932373
1.5575590133666992
1.5596790313720703
1.5606954097747803
1.5624494552612305
1.5664186477661133
1.5671780109405518
1.5701327323913574
1.5729122161865234
1.5746607780456543
1.577040195465088
1.5789029598236084
1.5797207355499268
1.5805048942565918
1.5828146934509277
1.5849802494049072
1.5862250328063965
1.5877459049224854
1.58962082862854
1.59163236618042
1.5948927402496338
1.5968809127807617
1.5998740196228027
1.600621223449707
1.6025629043579102
1.6041147708892822
1.6066977977752686
1.6083507537841797
1.609668493270874
1.6115379333496094
1.6131229400634766
1.6159074306488037
1.6176438331604004
1.6187927722930908
1.6201257705688477
1.6216070652008057
1.6245508193969727
1.626237154006958
1.6280052661895752
1.6304476261138916
1.6323578357696533
1.6335759162902832
1.6351304054260254
1.6380627155303955
1.6408882141113281
1.6436505317687988
1.6464920043945312
1.6482062339782715
1.6640574932098389
1.6666746139526367
1.6686015129089355
1.6705687046051025
1.6729323863983154
1.674917459487915
1.676914930343628
1.6779212951660156
1.6812310218811035
1.6827442646026611
1.684760570526123
1.6884262561798096
1.689638614654541
1.6917448043823242
1.6933317184448242
1.6953072547912598
1.6963598728179932
1.6985743045806885
1.6996099948883057
1.701404333114624
1.7029483318328857
1.7111105918884277
1.7129178047180176
1.7144873142242432
1.7172822952270508
1.720630168914795
1.7234179973602295
1.7264626026153564
1.728391408920288
1.7303698062896729
1.732969045639038
1.7348666191101074
1.736100435256958
1.7381947040557861
1.738908290863037
1.7409658432006836
1.7421183586120605
1.7443053722381592
1.746039867401123
1.7470598220825195
1.7495226860046387
1.750805139541626
1.752413034439087
1.7542877197265625
1.7565081119537354
1.7586183547973633
1.761164665222168
1.763498306274414
1.7646253108978271
1.7672450542449951
1.7693026065826416
1.7713401317596436
1.773554801940918
1.77644681930542
1.7777669429779053
1.7804172039031982
1.7826464176177979
1.7845711708068848
1.7857177257537842
1.7870590686798096
1.788156270980835
1.789527416229248
1.791978120803833
1.7930259704589844
1.7952125072479248
1.7963988780975342
1.7990126609802246
1.801363468170166
1.80356764793396
1.8051908016204834
1.8074493408203125
1.8096017837524414
1.8128283023834229
1.8183858394622803
1.8202648162841797
1.8229701519012451
1.8246228694915771
1.8256280422210693
1.8284339904785156
1.8291923999786377
1.8302955627441406
1.8323140144348145
1.8346128463745117
1.8356306552886963
1.837843656539917
1.8400194644927979
1.8420298099517822
1.8433082103729248
1.8456506729125977
1.847571611404419
1.849785327911377
1.852168083190918
1.853358507156372
1.8561456203460693
1.8571751117706299
1.8594071865081787
1.8603289127349854
1.861314296722412
1.8624868392944336
1.8642096519470215
1.8671298027038574
1.8686611652374268
1.870586633682251
1.8717093467712402
1.8736162185668945
1.8752093315124512
1.8779006004333496
1.8816149234771729
1.8839201927185059
1.8856861591339111
1.8879890441894531
1.8913066387176514
1.8922300338745117
1.8949508666992188
1.896212100982666
1.8982346057891846
1.899683952331543
1.9017000198364258
1.9033339023590088
1.904311180114746
1.9056017398834229
1.9068965911865234
1.9092094898223877
1.91123366355896
1.9129300117492676
1.9140641689300537
1.9159166812896729
1.9185516834259033
1.9204695224761963
1.9232637882232666
1.925436019897461
1.9293417930603027
1.9315428733825684
1.933408498764038
1.9348969459533691
1.937232255935669
1.9389958381652832
1.942875623703003
1.9450724124908447
1.946204662322998
1.9482932090759277
1.9496979713439941
1.9528446197509766
1.9536285400390625
1.9565927982330322
1.9578614234924316
1.9600253105163574
1.9616155624389648
1.9637033939361572
1.9648237228393555
1.9665014743804932
1.9684793949127197
1.969958782196045
1.9705853462219238
1.9738750457763672
1.9752624034881592
1.978156328201294
1.9802143573760986
1.9821407794952393
1.9841527938842773
1.9852228164672852
1.9869287014007568
1.9888193607330322
1.990570068359375
1.991645097732544
1.9938850402832031
1.9953949451446533
1.9980008602142334
2.0000505447387695
2.001934766769409
2.0032966136932373
2.0046091079711914
2.0057013034820557
2.008305549621582
2.009610652923584
2.012213945388794
2.0139646530151367
2.016298294067383
2.023955821990967
2.026621103286743
2.0288002490997314
2.0303378105163574
2.0310990810394287
2.0332725048065186
2.034742832183838
2.0367555618286133
2.0390756130218506
2.040802240371704
2.042227268218994
2.044020891189575
2.046427011489868
2.047888994216919
2.049140214920044
2.0528032779693604
2.0552778244018555
2.057558298110962
2.0588409900665283
2.0597445964813232
2.0616567134857178
2.06325364112854
2.064720869064331
2.066918134689331
2.069504499435425
2.072065830230713
2.07421612739563
2.0752012729644775
2.077305555343628
2.0867056846618652
2.089236259460449
2.0916950702667236
2.093066453933716
2.09570050239563
2.097525119781494
2.100139856338501
2.10081148147583
2.1022181510925293
2.1031694412231445
2.1058876514434814
2.107078790664673
2.10878586769104
2.110491991043091
2.1124348640441895
2.113734245300293
2.1148312091827393
2.1170506477355957
2.1192736625671387
2.1212286949157715
2.1236789226531982
2.126613140106201
2.1285011768341064
2.13045072555542
2.1328349113464355
2.1341192722320557
2.136732816696167
2.137716054916382
2.1413230895996094
2.1433112621307373
2.1459033489227295
2.1483047008514404
2.1499133110046387
2.1527183055877686
2.1552207469940186
2.1563823223114014
2.157937526702881
2.1596906185150146
2.161116361618042
2.162911891937256
2.1646649837493896
2.1668002605438232
2.169110059738159
2.170496940612793
2.172403335571289
2.174034595489502
2.1752126216888428
2.177565813064575
2.17946720123291
2.1817495822906494
2.1833834648132324
2.184415817260742
2.185582160949707
2.1890182495117188
2.1900439262390137
2.191127300262451
2.193913459777832
2.1958470344543457
2.1980812549591064
2.199622392654419
2.201517105102539
2.2040927410125732
2.2055504322052
2.2077741622924805
2.2098302841186523
